%YAML:1.0
calibration_Time: "05/03/13 13:36:29"
nrOfFrames: 10
image_Width: 640
image_Height: 480
board_Width: 9
board_Height: 6
square_Size: 1.
FixAspectRatio: 1.
# flags:  +fix_aspectRatio +fix_principal_point +zero_tangent_dist
flagValue: 14
Camera_Matrix: !!opencv-matrix
   rows: 3
   cols: 3
   dt: d
   data: [ 8.0429200347176618e+002, 0., 3.1950000000000000e+002, 0.,
       8.0429200347176618e+002, 2.3950000000000000e+002, 0., 0., 1. ]
Distortion_Coefficients: !!opencv-matrix
   rows: 5
   cols: 1
   dt: d
   data: [ 3.5885263457127642e-002, -5.4020385181374175e-001, 0., 0.,
       1.3387229473103042e+000 ]
Avg_Reprojection_Error: 1.5282800223984891e-001
Per_View_Reprojection_Errors: !!opencv-matrix
   rows: 10
   cols: 1
   dt: f
   data: [ 1.36817053e-001, 1.58574790e-001, 1.54299527e-001,
       1.37399465e-001, 1.64121687e-001, 1.74600035e-001,
       1.54184222e-001, 1.34941250e-001, 1.46722391e-001,
       1.61498219e-001 ]
# a set of 6-tuples (rotation vector + translation vector) for each view
Extrinsic_Parameters: !!opencv-matrix
   rows: 10
   cols: 6
   dt: d
   data: [ 1.3053801937411047e-001, -1.5691387813868504e-001,
       -7.1510917669154270e-003, -3.6414889732384252e+000,
       -4.5471828561969376e+000, 2.9198886761892457e+001,
       1.7280737907520194e-001, -6.0140974419169831e-002,
       -1.0686934953173576e-001, -5.1327964174570546e+000,
       -5.5205559364587407e+000, 3.2257220769676451e+001,
       1.2641717006882330e-001, -1.0808179473492181e-001,
       -3.8014698350461472e-002, -2.3505714556892712e+000,
       -7.3818402122866988e+000, 3.7440269826118389e+001,
       1.2014102845389810e-001, -2.3966786521637010e-001,
       -6.6798039323383254e-002, 1.6310876771304130e+000,
       -7.5316718592889362e+000, 3.9394440405597607e+001,
       1.8447584309175166e-001, -2.4587474276556023e-001,
       -4.1887506229391254e-002, 2.3985339209186258e+000,
       -4.9952253347794686e+000, 4.0081407256399608e+001,
       1.5265466427057225e-001, -2.1916216873583741e-001,
       -4.2814252913359824e-003, 2.2890372795055689e+000,
       -1.1566697886405781e+000, 3.8650606141710675e+001,
       6.1554545713381426e-002, -9.5687459638943137e-002,
       3.9464890518049328e-003, -2.4347352885046898e+000,
       4.3835841130605152e-001, 3.7859490062525261e+001,
       4.5263871154327673e-002, -4.2575628362143687e-002,
       -3.1260747365976999e-003, -8.2665372852523031e+000,
       5.9143250896342613e-002, 3.8029347796482462e+001,
       2.2063169275946207e-001, -3.1128042203603167e-002,
       -1.7677586305551701e-002, -1.1651804220353432e+001,
       7.2975617759673606e-001, 3.6064059327999480e+001,
       1.5154961582725551e-001, -1.6647165228444262e-002,
       -2.4203309826410904e-002, -1.0988884306605495e+001,
       -6.9257053250379075e+000, 3.3570317219688320e+001 ]
Image_points: !!opencv-matrix
   rows: 10
   cols: 54
   dt: "2f"
   data: [ 2.19040161e+002, 1.14226646e+002, 2.46581055e+002,
       1.14279564e+002, 2.73981201e+002, 1.14465523e+002,
       3.01073151e+002, 1.14571999e+002, 3.27763092e+002,
       1.14789352e+002, 3.54384949e+002, 1.14828018e+002,
       3.80505096e+002, 1.15289864e+002, 4.06451721e+002,
       1.15275238e+002, 4.32285217e+002, 1.15542587e+002,
       2.19457230e+002, 1.41935257e+002, 2.46856781e+002,
       1.42066696e+002, 2.74082367e+002, 1.41912430e+002,
       3.01064392e+002, 1.42128098e+002, 3.27629456e+002,
       1.42077255e+002, 3.54089355e+002, 1.42214111e+002,
       3.80234283e+002, 1.42194031e+002, 4.05894867e+002,
       1.42319733e+002, 4.31566437e+002, 1.42211945e+002,
       2.19861542e+002, 1.69481628e+002, 2.47296570e+002,
       1.69306641e+002, 2.74288635e+002, 1.69336853e+002,
       3.01221741e+002, 1.69189270e+002, 3.27550659e+002,
       1.69091949e+002, 3.53823883e+002, 1.68885635e+002,
       3.79725037e+002, 1.68863998e+002, 4.05538147e+002,
       1.68621414e+002, 4.31165802e+002, 1.68660706e+002,
       2.20412613e+002, 1.96650650e+002, 2.47492416e+002,
       1.96580872e+002, 2.74442993e+002, 1.96224472e+002,
       3.01064148e+002, 1.96153381e+002, 3.27468048e+002,
       1.95690979e+002, 3.53578003e+002, 1.95625946e+002,
       3.79469818e+002, 1.95414322e+002, 4.04964111e+002,
       1.95277130e+002, 4.30465332e+002, 1.94842117e+002,
       2.20664581e+002, 2.23722702e+002, 2.47763702e+002,
       2.23405655e+002, 2.74600800e+002, 2.23033569e+002,
       3.01254364e+002, 2.22600967e+002, 3.27432465e+002,
       2.22374893e+002, 3.53403198e+002, 2.21890518e+002,
       3.79078583e+002, 2.21636902e+002, 4.04532867e+002,
       2.21221344e+002, 4.29694702e+002, 2.20869110e+002,
       2.21208618e+002, 2.50359406e+002, 2.48008606e+002,
       2.49992355e+002, 2.74673584e+002, 2.49375214e+002,
       3.01206909e+002, 2.49035126e+002, 3.27358368e+002,
       2.48598770e+002, 3.53159576e+002, 2.48123535e+002,
       3.78729248e+002, 2.47562561e+002, 4.04149261e+002,
       2.47248337e+002, 4.29253387e+002, 2.46514236e+002,
       1.91625427e+002, 1.02107216e+002, 2.16444534e+002,
       9.92679138e+001, 2.41349701e+002, 9.67712097e+001,
       2.66027161e+002, 9.41130981e+001, 2.90728851e+002,
       9.17194519e+001, 3.15343506e+002, 8.89580231e+001,
       3.39970337e+002, 8.67404327e+001, 3.64320892e+002,
       8.39659348e+001, 3.88649414e+002, 8.16566849e+001,
       1.94611084e+002, 1.26855713e+002, 2.19479828e+002,
       1.24445885e+002, 2.44137390e+002, 1.21524559e+002,
       2.68866974e+002, 1.19240334e+002, 2.93347595e+002,
       1.16369591e+002, 3.17797882e+002, 1.14132072e+002,
       3.42180847e+002, 1.11351723e+002, 3.66561676e+002,
       1.09028809e+002, 3.90724701e+002, 1.06278358e+002,
       1.97781326e+002, 1.51734253e+002, 2.22409561e+002,
       1.48870209e+002, 2.47041138e+002, 1.46488159e+002,
       2.71497375e+002, 1.43680405e+002, 2.95968628e+002,
       1.41316772e+002, 3.20297028e+002, 1.38500763e+002,
       3.44563599e+002, 1.36174332e+002, 3.68675964e+002,
       1.33333755e+002, 3.92990082e+002, 1.31030014e+002,
       2.00801285e+002, 1.76026566e+002, 2.25433472e+002,
       1.73634689e+002, 2.49769302e+002, 1.70685562e+002,
       2.74279816e+002, 1.68359985e+002, 2.98459320e+002,
       1.65519562e+002, 3.22724548e+002, 1.63211853e+002,
       3.46783844e+002, 1.60328430e+002, 3.70977386e+002,
       1.57927856e+002, 3.94959320e+002, 1.55161179e+002,
       2.03897324e+002, 2.00492172e+002, 2.28277328e+002,
       1.97615417e+002, 2.52615204e+002, 1.95198532e+002,
       2.76817688e+002, 1.92298050e+002, 3.01120026e+002,
       1.89821548e+002, 3.25137482e+002, 1.87075256e+002,
       3.49213165e+002, 1.84573593e+002, 3.73066803e+002,
       1.81757385e+002, 3.97049713e+002, 1.79398392e+002,
       2.06926651e+002, 2.24177399e+002, 2.31240646e+002,
       2.21829483e+002, 2.55343857e+002, 2.18774185e+002,
       2.79508636e+002, 2.16514526e+002, 3.03507874e+002,
       2.13670364e+002, 3.27565033e+002, 2.11237579e+002,
       3.51417999e+002, 2.08313736e+002, 3.75321411e+002,
       2.05865540e+002, 3.98954926e+002, 2.03064346e+002,
       2.68716797e+002, 8.08019562e+001, 2.90212402e+002,
       8.02088852e+001, 3.11596191e+002, 7.96885529e+001,
       3.32762146e+002, 7.91905212e+001, 3.53953094e+002,
       7.87051926e+001, 3.74907715e+002, 7.81003571e+001,
       3.95841949e+002, 7.77675095e+001, 4.16554169e+002,
       7.71212769e+001, 4.37359039e+002, 7.67264099e+001,
       2.69695343e+002, 1.02530632e+002, 2.91087646e+002,
       1.02181816e+002, 3.12330322e+002, 1.01299423e+002,
       3.33496918e+002, 1.00940239e+002, 3.54441620e+002,
       1.00287468e+002, 3.75449524e+002, 9.97981949e+001,
       3.96211731e+002, 9.92289810e+001, 4.16801300e+002,
       9.87119446e+001, 4.37500793e+002, 9.81158981e+001,
       2.70644775e+002, 1.24315369e+002, 2.91897308e+002,
       1.23577835e+002, 3.13031433e+002, 1.23049500e+002,
       3.34188141e+002, 1.22350212e+002, 3.55017181e+002,
